90 90 7 90 92
90 90 7 90 92
90 90 7 90 92
90 90 7 90 92
90 90 7 90 92
90 90 7 90 92
90 90 7 90 92
90 90 4 90 92
90 180 2 3 92
180 172 0 13 92
177 162 1 23 92
174 153 1 32 92
171 144 1 42 92
169 137 2 49 92
169 134 2 51 92
169 134 2 51 92
169 134 1 50 92
170 134 1 50 92
170 134 0 49 93
171 135 90 48 93
175 136 90 44 93
180 138 90 40 93
90 138 90 36 93
90 138 90 34 93
90 139 90 34 93
90 146 0 35 92
90 149 7 37 93
90 148 12 41 92
90 148 12 41 93
90 146 11 41 92
90 142 8 41 92
90 138 7 41 92
90 134 7 41 92
90 135 7 41 92
90 135 7 41 92
90 135 6 37 92
176 135 3 34 92
171 135 1 34 92
170 135 1 34 92
170 135 1 34 92
170 139 1 32 92
170 148 3 30 93
171 157 5 28 93
175 167 8 25 93
179 176 9 17 93
90 90 8 7 93
90 90 6 0 93
