0 1996 3086 896 899 1986
0 1996 3086 895 899 1986
0 1996 3086 894 899 1986
0 1996 3086 894 899 1986
0 1996 3086 894 899 1986
0 1996 3086 894 899 1986
0 1996 3086 894 899 1986
0 1996 3086 894 898 1986
0 1996 3086 894 899 1984
0 1997 3086 894 899 1985
0 1996 3086 894 899 1985
0 1996 3086 894 899 1986
0 1996 3086 893 898 1986
0 1995 3086 893 899 1983
0 1995 3086 893 896 1982
0 1996 3086 892 896 1983
0 1996 3086 892 902 1984
0 1996 3085 896 908 1986
0 1998 3083 901 920 1987
0 1998 3083 903 938 1986
0 1998 3083 905 960 1987
0 1998 3079 912 985 1986
0 1998 3068 916 1013 1987
0 2000 3054 923 1042 1988
0 2004 3041 929 1072 1988
0 2012 3027 934 1105 1988
0 2022 3009 941 1137 1988
0 2032 2991 945 1172 1988
0 2042 2970 950 1204 1988
0 2056 2949 950 1234 1988
0 2070 2922 950 1265 1988
0 2086 2897 950 1301 1988
0 2103 2870 950 1335 1988
0 2123 2845 951 1367 1988
0 2145 2815 950 1403 1988
0 2165 2784 951 1434 1988
0 2185 2754 951 1470 1988
0 2206 2724 955 1502 1988
0 2228 2689 960 1535 1988
0 2249 2651 968 1569 1988
0 2271 2616 975 1605 1987
0 2289 2581 983 1635 1987
0 2310 2546 990 1662 1987
0 2330 2511 998 1690 1987
0 2345 2476 1010 1715 1986
0 2358 2439 1023 1740 1985
0 2372 2405 1037 1761 1985
0 2378 2371 1052 1784 1984
0 2382 2338 1066 1806 1984
0 2386 2303 1086 1828 1984
0 2386 2271 1099 1849 1984
0 2386 2240 1116 1865 1984
0 2385 2211 1132 1881 1984
0 2386 2181 1149 1897 1984
0 2386 2155 1165 1913 1984
0 2385 2129 1179 1926 1984
0 2385 2108 1193 1937 1984
0 2385 2085 1207 1947 1984
0 2385 2061 1221 1956 1984
0 2385 2041 1234 1961 1984
0 2385 2024 1246 1968 1984
0 2385 2012 1258 1972 1984
0 2385 1996 1268 1974 1984
0 2385 1984 1276 1976 1984
0 2385 1975 1282 1976 1984
0 2385 1965 1282 1976 1984
0 2385 1959 1296 1975 1984
0 2386 1955 1302 1975 1984
0 2385 1952 1304 1976 1984
0 2385 1952 1307 1975 1984
0 2385 1953 1307 1975 1984
0 2385 1954 1308 1975 1984
0 2385 1954 1307 1975 1984
0 2385 1954 1307 1975 1984
0 2385 1954 1307 1974 1984
0 2385 1954 1307 1974 1984
0 2385 1954 1307 1975 1984
0 2385 1954 1307 1974 1984
0 2385 1958 1307 1974 1984
0 2385 1960 1306 1971 1984
0 2386 1966 1306 1970 1984
0 2384 1972 1304 1969 1983
0 2382 1981 1303 1967 1983
0 2381 1988 1300 1966 1980
0 2380 1998 1296 1955 1980
0 2380 2014 1289 1946 1980
0 2377 2027 1280 1934 1980
0 2373 2044 1271 1922 1980
0 2367 2060 1261 1911 1980
0 2357 2079 1249 1899 1980
0 2350 2096 1238 1886 1980
0 2341 2116 1226 1870 1980
0 2333 2139 1215 1855 1980
0 2323 2159 1204 1839 1980
0 2311 2181 1189 1823 1980
0 2300 2204 1177 1806 1980
0 2287 2226 1164 1790 1980
0 2273 2248 1152 1773 1980
0 2262 2270 1137 1757 1980
0 2248 2289 1127 1740 1980
0 2236 2304 1119 1726 1980
0 2226 2320 1112 1714 1980
0 2212 2330 1107 1702 1980
0 2206 2338 1104 1692 1980
0 2202 2340 1101 1687 1980
0 2201 2341 1101 1684 1980
0 2202 2342 1101 1683 1980
0 2202 2346 1101 1684 1980
0 2203 2358 1100 1682 1980
0 2204 2373 1100 1673 1980
0 2204 2391 1099 1667 1981
0 2208 2412 1098 1658 1983
0 2209 2432 1098 1653 1984
0 2210 2450 1098 1649 1985
0 2213 2462 1098 1648 1985
0 2222 2466 1099 1648 1985
0 2231 2464 1099 1649 1985
0 2246 2460 1099 1654 1985
0 2265 2452 1099 1657 1985
0 2281 2439 1099 1659 1984
0 2299 2419 1099 1668 1984
0 2316 2397 1099 1679 1984
0 2328 2371 1100 1691 1984
0 2339 2345 1100 1707 1984
0 2343 2319 1102 1722 1984
0 2344 2295 1103 1735 1984
0 2345 2273 1103 1745 1984
0 2345 2257 1104 1752 1984
0 2346 2246 1104 1759 1984
0 2346 2237 1104 1763 1986
0 2346 2227 1104 1770 1986
0 2346 2220 1104 1773 1986
0 2346 2217 1104 1776 1986
0 2346 2215 1104 1779 1986
0 2346 2214 1104 1782 1986
0 2346 2215 1104 1783 1986
0 2346 2215 1104 1784 1986
0 2346 2215 1104 1784 1986
0 2346 2215 1104 1784 1984
0 2346 2216 1104 1783 1984
0 2344 2219 1104 1783 1984
0 2343 2224 1104 1783 1983
0 2341 2226 1104 1783 1983
0 2339 2226 1105 1783 1983
0 2333 2227 1109 1782 1982
0 2327 2230 1119 1780 1982
0 2319 2232 1124 1778 1981
0 2308 2237 1130 1778 1981
0 2299 2238 1137 1778 1981
0 2288 2237 1148 1778 1980
0 2279 2234 1158 1776 1980
0 2270 2232 1168 1775 1980
0 2262 2232 1179 1775 1980
0 2254 2229 1188 1775 1980
0 2245 2226 1199 1774 1980
0 2236 2224 1208 1774 1980
0 2230 2218 1216 1774 1980
0 2228 2213 1222 1774 1980
0 2225 2206 1229 1774 1980
0 2224 2201 1234 1774 1980
0 2224 2195 1241 1774 1980
0 2224 2188 1245 1775 1980
0 2224 2182 1248 1777 1980
0 2224 2180 1252 1777 1980
0 2225 2188 1251 1774 1980
0 2228 2208 1249 1770 1980
0 2228 2239 1248 1759 1982
0 2228 2278 1246 1738 1983
0 2222 2325 1243 1709 1983
0 2207 2379 1236 1670 1983
0 2185 2433 1228 1624 1980
0 2161 2488 1219 1576 1976
0 2137 2542 1211 1521 1967
0 2114 2596 1199 1465 1964
0 2093 2651 1187 1406 1956
0 2074 2699 1175 1349 1952
0 2062 2744 1162 1292 1945
0 2053 2785 1147 1237 1940
0 2046 2825 1132 1179 1936
0 2039 2867 1128 1125 1930
0 2032 2909 1124 1074 1928
0 2029 2945 1119 1021 1928
0 2024 2981 1119 975 1927
0 2024 3011 1118 927 1923
0 2024 3031 1114 893 1921
0 2024 3045 1114 867 1920
0 2025 3051 1114 849 1920
0 2028 3057 1114 839 1920
0 2027 3058 1114 835 1919
0 2027 3056 1114 833 1920
0 2026 3054 1112 834 1922
0 2025 3054 1112 834 1922
0 2025 3053 1112 834 1922
0 2025 3052 1112 835 1922
0 2024 3052 1112 835 1922
0 2025 3052 1112 835 1922
0 2024 3052 1112 836 1922
