0 2005 3089 895 899 1924
0 2005 3089 894 899 1922
0 2005 3089 894 899 1922
0 2004 3089 894 900 1922
0 2004 3088 894 899 1921
0 2004 3089 893 900 1921
0 2004 3089 893 900 1920
0 2004 3089 893 899 1920
0 2004 3089 893 900 1921
0 2004 3089 893 902 1921
0 2004 3089 893 903 1922
0 2004 3089 894 904 1922
0 2008 3089 895 908 1924
0 2010 3089 898 916 1925
0 2016 3089 900 926 1925
0 2024 3089 902 938 1926
0 2034 3087 903 953 1926
0 2051 3080 903 973 1926
0 2064 3068 904 995 1927
0 2078 3051 904 1018 1927
0 2094 3033 903 1041 1927
0 2110 3013 904 1066 1926
0 2127 2992 903 1092 1927
0 2143 2970 904 1121 1927
0 2161 2947 904 1146 1926
0 2177 2918 903 1173 1926
0 2196 2887 904 1200 1926
0 2214 2857 903 1224 1927
0 2234 2828 904 1248 1926
0 2257 2799 903 1270 1926
0 2273 2769 903 1295 1926
0 2290 2741 903 1314 1926
0 2306 2711 904 1335 1926
0 2321 2682 904 1354 1926
0 2336 2654 904 1370 1925
0 2347 2625 904 1389 1925
0 2358 2596 904 1409 1925
0 2369 2571 904 1425 1924
0 2374 2547 904 1438 1924
0 2378 2523 904 1450 1923
0 2381 2502 904 1465 1922
0 2384 2481 904 1478 1922
0 2386 2463 904 1492 1922
0 2385 2447 904 1504 1922
0 2386 2432 904 1516 1922
0 2386 2420 904 1527 1922
0 2386 2410 904 1536 1922
0 2385 2403 904 1545 1922
0 2385 2394 904 1554 1922
0 2385 2387 905 1561 1922
0 2385 2379 908 1567 1921
0 2385 2373 908 1575 1921
0 2384 2368 910 1581 1921
0 2385 2363 910 1587 1922
0 2385 2359 910 1591 1922
0 2384 2357 910 1597 1921
0 2384 2357 910 1600 1921
0 2385 2358 910 1601 1922
0 2384 2358 910 1601 1922
0 2384 2358 910 1601 1921
0 2384 2360 910 1601 1920
0 2384 2361 910 1601 1920
0 2382 2364 910 1601 1920
0 2381 2368 910 1601 1920
0 2380 2368 910 1600 1920
0 2380 2370 910 1600 1920
0 2379 2372 910 1601 1920
0 2377 2374 910 1600 1920
0 2376 2379 910 1600 1920
0 2372 2385 910 1598 1920
0 2365 2393 910 1596 1920
0 2356 2400 910 1594 1920
0 2350 2410 910 1594 1920
0 2341 2418 910 1593 1920
0 2333 2425 910 1593 1920
0 2323 2431 909 1593 1919
0 2313 2439 910 1592 1920
0 2303 2444 910 1592 1920
0 2294 2453 910 1592 1919
0 2282 2458 909 1592 1920
0 2272 2464 910 1592 1920
0 2264 2469 910 1592 1920
0 2254 2472 914 1592 1920
0 2245 2474 920 1592 1920
0 2236 2473 926 1592 1920
0 2229 2473 932 1592 1920
0 2222 2472 940 1592 1920
0 2213 2472 945 1592 1920
0 2208 2471 951 1592 1920
0 2204 2472 956 1592 1920
0 2202 2472 956 1592 1920
0 2202 2474 956 1591 1920
0 2204 2489 959 1587 1920
0 2205 2514 959 1581 1920
0 2205 2543 960 1569 1921
0 2205 2576 960 1551 1922
0 2205 2606 959 1527 1922
0 2205 2639 951 1502 1922
0 2202 2671 946 1502 1922
0 2196 2702 941 1441 1922
0 2190 2731 930 1413 1922
0 2188 2750 915 1388 1922
0 2186 2761 901 1368 1921
0 2186 2770 888 1351 1920
0 2185 2769 875 1344 1920
0 2185 2761 865 1343 1920
0 2186 2754 857 1344 1920
0 2186 2746 850 1348 1920
0 2186 2734 848 1352 1920
0 2187 2720 847 1353 1920
0 2187 2705 847 1356 1920
0 2187 2690 848 1361 1920
0 2187 2678 849 1368 1920
0 2188 2664 851 1377 1920
0 2188 2653 851 1386 1920
0 2188 2645 852 1394 1920
0 2188 2635 852 1401 1920
0 2188 2627 852 1411 1920
0 2188 2622 852 1416 1920
0 2188 2614 852 1423 1920
0 2188 2609 852 1426 1920
0 2188 2605 852 1430 1922
0 2188 2597 852 1434 1923
0 2188 2592 852 1438 1923
0 2188 2587 852 1442 1922
0 2188 2584 852 1443 1923
0 2188 2584 852 1443 1923
0 2188 2584 852 1444 1923
0 2188 2583 852 1443 1923
0 2188 2583 852 1443 1924
0 2188 2583 852 1444 1923
0 2188 2584 852 1443 1923
0 2188 2584 852 1443 1923
0 2188 2583 852 1443 1924
0 2188 2582 852 1444 1924
0 2188 2582 852 1448 1924
0 2188 2581 852 1455 1924
0 2190 2574 852 1463 1924
0 2192 2563 855 1474 1924
0 2199 2554 855 1484 1924
0 2206 2546 856 1498 1924
0 2212 2536 856 1511 1924
0 2222 2529 856 1525 1924
0 2229 2518 862 1536 1924
0 2235 2508 868 1550 1924
0 2243 2497 874 1561 1924
0 2248 2486 882 1575 1924
0 2255 2474 889 1586 1924
0 2262 2461 897 1600 1924
0 2268 2448 905 1612 1924
0 2272 2434 914 1623 1924
0 2279 2423 923 1634 1924
0 2285 2410 931 1647 1924
0 2293 2395 940 1656 1924
0 2298 2382 948 1665 1924
0 2303 2371 960 1674 1923
0 2308 2361 969 1684 1923
0 2312 2347 977 1692 1922
0 2318 2336 986 1703 1922
0 2322 2325 993 1711 1922
0 2326 2315 1003 1720 1921
0 2332 2303 1011 1727 1921
0 2333 2295 1017 1731 1921
0 2338 2290 1023 1735 1921
0 2339 2288 1024 1736 1921
0 2339 2287 1024 1736 1924
0 2339 2288 1024 1735 1924
0 2339 2289 1024 1734 1924
0 2339 2289 1024 1734 1924
0 2339 2289 1024 1734 1924
0 2339 2289 1023 1734 1924
0 2339 2289 1023 1734 1924
0 2339 2289 1024 1734 1924
0 2339 2298 1024 1728 1924
0 2340 2314 1023 1725 1923
0 2340 2338 1023 1718 1923
0 2338 2371 1019 1701 1922
0 2332 2407 1014 1673 1922
0 2320 2445 1010 1644 1922
0 2301 2481 1001 1607 1923
0 2281 2518 995 1574 1923
0 2257 2559 989 1532 1923
0 2229 2599 983 1495 1922
0 2198 2644 980 1457 1922
0 2169 2685 980 1415 1922
0 2141 2728 981 1374 1922
0 2115 2768 982 1325 1922
0 2089 2812 982 1283 1922
0 2068 2851 982 1239 1920
0 2052 2886 983 1196 1920
0 2040 2921 983 1149 1917
0 2032 2956 983 1104 1917
0 2028 2987 983 1062 1914
0 2021 3019 984 1015 1911
0 2014 3049 984 971 1908
0 2010 3077 984 928 1908
0 2008 3101 984 890 1907
0 2006 3116 984 858 1905
0 2006 3122 982 838 1902
0 2006 3122 981 828 1901
0 2007 3121 981 827 1900
0 2008 3119 981 828 1904
0 2009 3118 981 831 1904
0 2008 3118 981 830 1904
0 2008 3118 981 830 1904
0 2008 3118 980 831 1904
0 2008 3118 980 830 1904
0 2008 3118 980 830 1904
0 2008 3118 980 831 1904
0 2008 3118 980 830 1904
0 2008 3118 980 830 1904
0 2008 3118 980 830 1904
0 2008 3118 980 830 1904
0 2008 3118 980 830 1904
0 2008 3118 980 830 1904
0 2008 3118 980 830 1904
