0 2004 3086 895 896 1921
0 2004 3087 894 896 1922
0 2004 3086 894 896 1922
0 2004 3086 894 896 1922
0 2004 3086 894 896 1922
0 2004 3086 894 896 1922
0 2004 3086 894 896 1920
0 2003 3087 894 897 1920
0 2002 3087 894 902 1920
0 2002 3087 895 904 1920
0 2002 3087 896 912 1920
0 2002 3087 898 919 1920
0 2002 3087 898 931 1920
0 2002 3087 899 944 1920
0 2002 3083 899 960 1920
0 2002 3078 900 978 1923
0 2004 3070 900 998 1923
0 2004 3061 902 1021 1923
0 2004 3050 902 1044 1924
0 2004 3038 902 1069 1924
0 2005 3022 903 1099 1924
0 2006 3008 904 1127 1924
0 2006 2991 911 1155 1924
0 2006 2976 918 1182 1925
0 2006 2956 924 1210 1925
0 2006 2935 932 1237 1925
0 2006 2911 939 1265 1926
0 2010 2884 944 1296 1926
0 2017 2855 952 1325 1926
0 2029 2827 960 1355 1926
0 2038 2796 970 1387 1926
0 2047 2764 976 1418 1926
0 2054 2733 984 1445 1926
0 2060 2697 992 1475 1926
0 2065 2663 999 1503 1926
0 2065 2628 1010 1532 1926
0 2066 2596 1021 1559 1926
0 2066 2564 1030 1586 1926
0 2066 2531 1039 1612 1926
0 2066 2501 1047 1634 1926
0 2066 2474 1056 1655 1926
0 2066 2446 1065 1674 1925
0 2066 2422 1076 1692 1925
0 2066 2400 1088 1711 1926
0 2066 2378 1096 1728 1926
0 2067 2359 1101 1740 1925
0 2068 2345 1109 1751 1926
0 2068 2332 1114 1760 1926
0 2068 2325 1117 1765 1926
0 2067 2317 1118 1772 1926
0 2068 2311 1118 1774 1926
0 2068 2305 1118 1780 1926
0 2067 2299 1118 1787 1926
0 2068 2298 1118 1790 1926
0 2068 2298 1118 1791 1926
0 2068 2298 1118 1793 1926
0 2067 2298 1117 1793 1926
0 2068 2298 1117 1792 1925
0 2067 2299 1118 1792 1925
0 2067 2299 1117 1791 1925
0 2067 2299 1117 1791 1925
0 2067 2300 1116 1792 1924
0 2068 2304 1114 1790 1924
0 2068 2306 1112 1788 1924
0 2068 2307 1111 1787 1923
0 2068 2310 1111 1787 1923
0 2066 2312 1110 1786 1923
0 2065 2314 1108 1784 1922
0 2064 2315 1108 1783 1922
0 2064 2319 1107 1775 1921
0 2062 2326 1107 1764 1920
0 2057 2336 1100 1752 1920
0 2052 2348 1089 1739 1920
0 2044 2360 1082 1729 1920
0 2038 2370 1072 1719 1920
0 2032 2378 1064 1709 1920
0 2024 2388 1060 1699 1920
0 2016 2394 1053 1691 1920
0 2009 2401 1047 1683 1920
0 2002 2409 1040 1674 1920
0 1992 2417 1036 1666 1920
0 1983 2422 1031 1657 1920
0 1976 2430 1025 1650 1920
0 1968 2433 1023 1642 1920
0 1961 2439 1019 1632 1920
0 1952 2443 1016 1625 1920
0 1945 2446 1016 1621 1920
0 1938 2448 1016 1613 1920
0 1934 2448 1016 1607 1920
0 1934 2448 1016 1607 1920
0 1934 2448 1016 1607 1920
0 1934 2449 1016 1607 1920
0 1934 2457 1016 1607 1920
0 1934 2470 1016 1606 1920
0 1934 2486 1016 1603 1920
0 1934 2508 1016 1589 1920
0 1936 2533 1016 1576 1921
0 1936 2562 1016 1559 1921
0 1940 2592 1016 1540 1922
0 1942 2621 1016 1521 1922
0 1947 2650 1016 1507 1923
0 1959 2675 1017 1494 1923
0 1971 2692 1018 1482 1924
0 1988 2703 1019 1474 1924
0 2009 2702 1024 1472 1923
0 2029 2694 1024 1472 1923
0 2048 2689 1023 1475 1923
0 2064 2679 1022 1478 1922
0 2073 2663 1022 1480 1923
0 2078 2647 1022 1481 1924
0 2078 2630 1022 1482 1924
0 2078 2614 1022 1482 1924
0 2078 2596 1024 1486 1924
0 2078 2578 1024 1493 1924
0 2078 2560 1025 1500 1924
0 2078 2544 1026 1509 1924
0 2078 2530 1027 1518 1924
0 2078 2514 1026 1528 1924
0 2078 2504 1026 1536 1924
0 2078 2495 1028 1544 1924
0 2078 2486 1030 1553 1924
0 2078 2477 1030 1559 1924
0 2078 2467 1030 1564 1924
0 2078 2461 1030 1571 1924
0 2078 2454 1030 1576 1924
0 2078 2450 1030 1579 1924
0 2078 2446 1030 1582 1924
0 2078 2445 1030 1586 1924
0 2078 2445 1030 1588 1924
0 2078 2445 1030 1591 1924
0 2078 2445 1030 1591 1924
0 2078 2445 1030 1590 1925
0 2078 2446 1029 1590 1924
0 2078 2446 1029 1590 1924
0 2078 2446 1029 1590 1924
0 2078 2446 1029 1590 1924
0 2078 2446 1029 1590 1924
0 2078 2446 1029 1590 1924
0 2075 2446 1028 1591 1923
0 2072 2446 1028 1591 1922
0 2072 2446 1027 1591 1921
0 2069 2446 1028 1592 1920
0 2067 2446 1028 1591 1920
0 2064 2446 1028 1592 1920
0 2060 2445 1028 1593 1920
0 2056 2443 1032 1600 1920
0 2052 2434 1037 1605 1920
0 2050 2426 1044 1613 1920
0 2044 2417 1053 1622 1920
0 2039 2408 1061 1628 1920
0 2032 2396 1071 1634 1920
0 2026 2389 1080 1643 1920
0 2017 2379 1088 1647 1920
0 2010 2370 1097 1654 1920
0 2004 2362 1105 1659 1920
0 1997 2351 1115 1667 1920
0 1988 2343 1120 1673 1920
0 1980 2332 1128 1682 1920
0 1974 2323 1136 1689 1920
0 1968 2314 1146 1694 1920
0 1960 2303 1155 1703 1920
0 1954 2293 1164 1708 1920
0 1948 2284 1172 1715 1920
0 1942 2276 1180 1721 1920
0 1938 2270 1186 1726 1920
0 1935 2268 1189 1727 1920
0 1935 2268 1191 1728 1920
0 1934 2270 1191 1727 1920
0 1935 2276 1191 1724 1920
0 1936 2286 1191 1719 1920
0 1935 2313 1191 1713 1921
0 1932 2345 1191 1697 1921
0 1927 2382 1189 1675 1922
0 1926 2421 1188 1646 1923
0 1928 2458 1187 1615 1924
0 1931 2501 1186 1580 1924
0 1934 2547 1183 1539 1926
0 1938 2598 1177 1495 1927
0 1947 2647 1168 1451 1927
0 1959 2696 1161 1403 1927
0 1969 2747 1155 1353 1927
0 1980 2799 1150 1297 1927
0 1994 2848 1144 1245 1927
0 2004 2893 1136 1195 1927
0 2010 2932 1131 1146 1927
0 2010 2970 1121 1096 1927
0 2009 3000 1112 1055 1927
0 2009 3027 1107 1011 1927
0 2009 3054 1099 968 1926
0 2008 3076 1088 926 1926
0 2008 3089 1076 891 1926
0 2008 3097 1063 865 1923
0 2006 3101 1059 847 1922
0 2004 3099 1056 843 1920
0 2004 3094 1056 843 1921
0 2004 3093 1056 843 1922
0 2004 3092 1056 843 1922
0 2004 3092 1055 843 1922
0 2004 3092 1055 843 1922
0 2004 3091 1055 843 1922
0 2004 3092 1055 843 1922
0 2004 3092 1056 843 1922
0 2004 3092 1055 843 1922
0 2004 3092 1055 843 1922
0 2004 3091 1055 843 1922
0 2003 3092 1055 843 1922
0 2003 3092 1056 843 1922
0 2003 3092 1055 843 1922
0 2003 3092 1056 843 1922
