0 2004 3101 881 896 1975
0 2004 3101 880 896 1975
0 2004 3101 880 897 1976
0 2004 3100 881 897 1976
0 2004 3101 880 896 1976
0 2004 3100 880 896 1976
0 2004 3100 880 897 1976
0 2004 3101 880 896 1976
0 2004 3101 881 896 1975
0 2004 3101 881 897 1975
0 2004 3101 880 897 1975
0 2004 3101 880 896 1976
0 2004 3101 881 896 1976
0 2004 3101 881 896 1975
0 2004 3101 881 896 1975
0 2004 3101 880 897 1974
0 2004 3101 880 898 1974
0 2004 3100 880 897 1973
0 2004 3101 880 898 1973
0 2004 3100 880 901 1972
0 2004 3093 873 904 1973
0 2004 3082 861 915 1974
0 2004 3067 848 925 1975
0 2004 3052 841 940 1976
0 2004 3040 835 958 1976
0 2004 3026 832 979 1976
0 2006 3010 828 1000 1976
0 2006 2993 824 1018 1977
0 2007 2974 822 1037 1978
0 2007 2955 820 1057 1979
0 2008 2935 820 1075 1979
0 2008 2915 820 1094 1980
0 2008 2896 820 1112 1980
0 2008 2877 820 1131 1980
0 2012 2856 820 1151 1980
0 2017 2835 820 1172 1980
0 2024 2816 820 1189 1980
0 2030 2797 820 1207 1980
0 2038 2778 820 1223 1980
0 2043 2759 820 1236 1980
0 2049 2744 820 1250 1980
0 2052 2728 820 1264 1980
0 2053 2712 820 1275 1980
0 2054 2697 820 1287 1980
0 2054 2686 820 1297 1980
0 2054 2674 820 1307 1980
0 2054 2663 821 1314 1980
0 2054 2657 822 1320 1980
0 2054 2655 822 1323 1978
0 2054 2653 822 1323 1980
0 2054 2652 822 1323 1980
0 2054 2652 823 1323 1980
0 2054 2652 823 1323 1980
0 2054 2652 823 1323 1980
0 2054 2652 823 1324 1980
0 2054 2652 823 1323 1976
0 2054 2652 823 1322 1976
0 2054 2652 822 1321 1975
0 2054 2653 821 1320 1975
0 2054 2654 820 1319 1974
0 2054 2654 819 1316 1974
0 2052 2654 818 1315 1975
0 2052 2654 816 1314 1974
0 2052 2655 816 1314 1974
0 2049 2656 816 1314 1973
0 2046 2656 815 1313 1973
0 2044 2655 814 1312 1972
0 2044 2656 814 1312 1972
0 2041 2656 813 1312 1972
0 2036 2656 807 1312 1973
0 2030 2658 800 1312 1972
0 2022 2658 795 1312 1972
0 2013 2657 791 1311 1972
0 2005 2658 787 1312 1972
0 1997 2658 784 1312 1972
0 1987 2658 779 1312 1972
0 1978 2658 772 1311 1972
0 1969 2658 768 1312 1972
0 1959 2658 766 1312 1972
0 1950 2658 758 1312 1972
0 1942 2658 752 1312 1972
0 1934 2657 749 1312 1972
0 1925 2656 743 1312 1972
0 1918 2655 742 1312 1972
0 1915 2656 740 1312 1972
0 1910 2655 740 1312 1972
0 1910 2656 740 1312 1972
0 1912 2662 740 1312 1972
0 1913 2672 740 1310 1974
0 1914 2686 741 1300 1975
0 1916 2705 742 1289 1975
0 1916 2729 743 1275 1976
0 1918 2755 744 1260 1976
0 1920 2780 744 1243 1976
0 1926 2805 744 1226 1976
0 1936 2831 744 1213 1976
0 1945 2853 744 1200 1976
0 1959 2875 744 1187 1977
0 1972 2892 744 1174 1977
0 1986 2906 742 1165 1977
0 2003 2913 742 1157 1977
0 2016 2916 742 1154 1976
0 2029 2912 741 1154 1975
0 2040 2909 739 1155 1975
0 2051 2905 732 1159 1975
0 2055 2892 725 1164 1974
0 2058 2876 720 1173 1976
0 2059 2862 716 1178 1976
0 2058 2850 713 1184 1976
0 2058 2836 709 1194 1976
0 2059 2822 709 1204 1976
0 2058 2807 708 1215 1976
0 2058 2794 708 1224 1976
0 2058 2781 708 1233 1976
0 2058 2768 709 1241 1976
0 2058 2755 709 1249 1976
0 2058 2743 708 1259 1976
0 2058 2733 709 1268 1976
0 2058 2720 708 1276 1976
0 2058 2709 709 1284 1976
0 2058 2704 709 1290 1976
0 2058 2699 710 1296 1975
0 2058 2699 711 1296 1975
0 2058 2699 711 1296 1974
0 2058 2699 712 1296 1975
0 2057 2699 712 1296 1976
0 2057 2698 712 1296 1976
0 2058 2696 712 1294 1977
0 2057 2694 712 1295 1977
0 2057 2694 712 1294 1977
0 2056 2694 711 1292 1976
0 2056 2694 710 1292 1976
0 2056 2694 710 1292 1976
0 2056 2694 710 1292 1976
0 2056 2694 710 1292 1976
0 2056 2694 710 1292 1975
0 2056 2693 710 1292 1975
0 2056 2690 710 1294 1976
0 2056 2688 710 1294 1978
0 2056 2688 710 1294 1978
0 2053 2688 710 1295 1976
0 2052 2689 711 1296 1976
0 2052 2689 712 1296 1976
0 2050 2690 713 1297 1976
0 2050 2690 716 1298 1976
0 2049 2690 716 1298 1976
0 2048 2690 716 1298 1976
0 2044 2690 716 1299 1976
0 2040 2690 721 1300 1976
0 2034 2690 728 1303 1976
0 2028 2690 735 1308 1976
0 2021 2690 740 1311 1976
0 2012 2690 744 1314 1976
0 2004 2690 745 1315 1976
0 1995 2690 746 1323 1976
0 1984 2689 748 1328 1976
0 1975 2689 751 1336 1976
0 1966 2685 752 1343 1976
0 1959 2682 752 1350 1976
0 1952 2680 758 1356 1976
0 1944 2674 768 1361 1976
0 1938 2670 772 1367 1976
0 1933 2666 776 1370 1976
0 1927 2665 780 1371 1976
0 1925 2665 779 1371 1976
0 1924 2666 779 1371 1976
0 1925 2666 779 1370 1976
0 1925 2666 779 1370 1976
0 1924 2666 779 1370 1976
0 1925 2666 779 1370 1976
0 1925 2666 779 1370 1976
0 1925 2667 779 1370 1976
0 1925 2666 780 1370 1976
0 1924 2666 779 1370 1976
0 1924 2667 780 1370 1976
0 1925 2674 779 1361 1977
0 1926 2687 779 1356 1975
0 1931 2709 780 1346 1976
0 1934 2740 787 1333 1979
0 1936 2773 800 1315 1980
0 1943 2805 812 1297 1983
0 1956 2841 824 1272 1986
0 1972 2875 835 1245 1984
0 1988 2911 847 1214 1984
0 2003 2946 857 1180 1987
0 2010 2977 867 1146 1986
0 2014 3006 874 1109 1987
0 2017 3037 880 1073 1984
0 2016 3068 889 1036 1984
0 2016 3095 896 998 1983
0 2016 3120 900 961 1982
0 2016 3141 903 922 1980
0 2016 3164 906 889 1980
0 2016 3182 907 857 1979
0 2014 3190 906 833 1979
0 2013 3191 905 817 1976
0 2012 3190 903 816 1976
0 2011 3188 902 816 1978
0 2010 3188 900 816 1976
0 2010 3188 900 816 1976
0 2010 3188 900 816 1976
0 2010 3188 900 816 1976
0 2010 3188 899 816 1976
0 2010 3188 900 816 1976
0 2010 3188 900 816 1976
0 2010 3188 899 816 1976
0 2010 3188 900 816 1976
0 2010 3188 900 816 1976
0 2010 3187 900 816 1976
0 2010 3188 900 816 1976
0 2010 3188 899 816 1976
0 2010 3188 900 816 1976
0 2010 3188 900 816 1976
0 2010 3188 899 816 1976
