0 2004 3098 895 898 1979
0 2004 3098 895 899 1979
0 2002 3098 895 900 1978
0 2002 3098 895 900 1978
0 2002 3098 895 903 1980
0 2003 3098 895 903 1979
0 2005 3098 894 902 1979
0 2002 3098 895 903 1977
0 2002 3098 895 907 1980
0 2002 3098 894 912 1979
0 2002 3096 893 917 1978
0 2001 3089 892 925 1977
0 1998 3076 892 936 1977
0 1996 3060 892 951 1977
0 1995 3043 892 968 1977
0 1992 3023 892 986 1977
0 1987 3003 892 1004 1977
0 1980 2981 892 1024 1977
0 1972 2963 892 1045 1977
0 1964 2940 892 1067 1977
0 1954 2916 892 1090 1977
0 1943 2892 892 1113 1977
0 1932 2870 892 1135 1977
0 1918 2848 892 1156 1978
0 1906 2823 892 1177 1978
0 1893 2800 892 1199 1978
0 1883 2777 892 1218 1980
0 1872 2754 894 1236 1980
0 1862 2732 895 1253 1980
0 1855 2707 895 1268 1980
0 1849 2683 896 1286 1980
0 1846 2664 896 1305 1981
0 1838 2647 896 1319 1981
0 1832 2628 896 1334 1982
0 1829 2611 896 1346 1982
0 1824 2598 896 1356 1983
0 1822 2586 896 1367 1984
0 1822 2573 896 1377 1983
0 1822 2563 896 1387 1984
0 1822 2557 896 1394 1984
0 1821 2552 896 1399 1983
0 1821 2551 896 1402 1983
0 1821 2550 896 1402 1983
0 1821 2550 896 1402 1983
0 1821 2550 896 1402 1983
0 1821 2550 896 1402 1983
0 1821 2550 896 1402 1983
0 1821 2547 897 1404 1982
0 1821 2544 898 1408 1983
0 1820 2538 899 1412 1983
0 1813 2533 899 1419 1983
0 1808 2525 900 1427 1983
0 1800 2517 904 1435 1983
0 1793 2507 911 1443 1983
0 1784 2496 919 1453 1983
0 1776 2484 928 1462 1982
0 1767 2470 940 1474 1982
0 1760 2456 948 1484 1983
0 1751 2443 960 1495 1983
0 1745 2430 969 1505 1982
0 1737 2419 977 1516 1982
0 1729 2407 987 1526 1983
0 1723 2393 996 1534 1983
0 1713 2378 1007 1542 1982
0 1708 2368 1015 1552 1982
0 1701 2355 1025 1559 1983
0 1694 2345 1036 1567 1983
0 1686 2331 1044 1576 1983
0 1681 2320 1054 1583 1983
0 1676 2309 1062 1591 1983
0 1671 2298 1071 1600 1983
0 1665 2291 1075 1603 1983
0 1663 2290 1081 1604 1982
0 1660 2295 1084 1603 1980
0 1658 2304 1085 1599 1979
0 1653 2324 1083 1594 1979
0 1648 2346 1083 1588 1980
0 1645 2368 1077 1575 1982
0 1642 2392 1071 1555 1982
0 1642 2420 1061 1532 1982
0 1642 2442 1048 1508 1982
0 1643 2462 1033 1485 1983
0 1643 2483 1016 1468 1983
0 1644 2500 1004 1448 1983
0 1645 2512 992 1432 1983
0 1646 2520 984 1423 1984
0 1646 2520 981 1418 1985
0 1646 2514 980 1416 1985
0 1647 2507 977 1416 1985
0 1648 2499 976 1421 1985
0 1648 2487 976 1426 1985
0 1648 2474 976 1428 1985
0 1649 2462 979 1428 1984
0 1648 2453 981 1428 1985
0 1648 2443 983 1433 1985
0 1648 2434 984 1439 1985
0 1648 2427 984 1445 1985
0 1649 2418 984 1452 1985
0 1650 2411 984 1459 1984
0 1649 2405 984 1467 1985
0 1649 2395 984 1473 1985
0 1649 2390 984 1479 1984
0 1649 2384 984 1484 1985
0 1649 2379 984 1490 1984
0 1649 2378 984 1495 1985
0 1649 2378 984 1496 1984
0 1649 2378 984 1495 1984
0 1649 2378 984 1496 1985
0 1650 2378 984 1500 1985
0 1650 2380 984 1502 1985
0 1650 2384 986 1504 1985
0 1654 2387 986 1507 1985
0 1663 2390 989 1507 1985
0 1670 2391 994 1507 1985
0 1677 2392 1000 1506 1984
0 1683 2395 1004 1506 1984
0 1691 2400 1008 1506 1985
0 1698 2406 1010 1506 1984
0 1708 2409 1012 1506 1984
0 1718 2416 1013 1505 1985
0 1728 2419 1013 1505 1985
0 1738 2425 1014 1505 1985
0 1749 2430 1018 1505 1985
0 1759 2431 1024 1505 1986
0 1769 2434 1029 1504 1985
0 1778 2434 1033 1504 1985
0 1786 2434 1036 1504 1984
0 1790 2434 1037 1504 1984
0 1790 2434 1037 1504 1984
0 1790 2434 1038 1504 1984
0 1790 2438 1038 1499 1986
0 1790 2452 1038 1496 1986
0 1790 2475 1038 1494 1984
0 1790 2503 1036 1484 1984
0 1792 2535 1034 1468 1984
0 1797 2577 1032 1442 1986
0 1812 2622 1031 1413 1989
0 1833 2664 1030 1379 1992
0 1862 2706 1030 1344 1992
0 1895 2750 1030 1306 1992
0 1932 2790 1030 1265 1992
0 1963 2830 1030 1217 1992
0 1986 2869 1024 1170 1992
0 1999 2907 1016 1120 1993
0 2005 2942 1008 1071 1993
0 2010 2976 1000 1018 1992
0 2015 3010 997 971 1992
0 2018 3041 992 925 1992
0 2021 3071 991 887 1989
0 2022 3095 992 853 1992
0 2022 3118 992 825 1989
0 2022 3130 996 812 1987
0 2018 3130 992 812 1986
0 2016 3129 992 812 1985
0 2016 3128 992 812 1984
0 2016 3127 992 812 1985
0 2016 3127 991 812 1985
0 2016 3127 992 812 1985
0 2016 3127 992 812 1984
0 2016 3127 992 812 1985
0 2016 3127 991 812 1985
0 2016 3127 992 812 1985
0 2016 3127 991 812 1985
0 2016 3127 991 812 1985
0 2016 3127 992 812 1985
0 2016 3127 991 812 1985
0 2016 3127 991 812 1985
0 2016 3127 991 812 1985
0 2016 3127 992 812 1985
