0 1996 3098 893 902 1980
0 1996 3098 893 902 1975
0 1995 3098 892 900 1975
0 1993 3098 891 901 1975
0 1984 3096 889 904 1974
0 1973 3089 882 908 1974
0 1963 3078 875 918 1975
0 1954 3062 867 932 1975
0 1943 3045 859 952 1975
0 1936 3021 852 975 1975
0 1929 2997 846 1000 1975
0 1918 2972 839 1022 1976
0 1907 2950 833 1045 1976
0 1895 2927 832 1070 1976
0 1884 2901 832 1096 1977
0 1871 2876 832 1118 1977
0 1859 2852 832 1138 1978
0 1850 2828 832 1159 1978
0 1844 2805 832 1179 1978
0 1833 2779 832 1200 1979
0 1829 2755 832 1218 1980
0 1823 2732 832 1236 1980
0 1820 2707 832 1254 1980
0 1814 2682 834 1271 1980
0 1810 2661 835 1290 1980
0 1807 2640 836 1309 1980
0 1805 2624 836 1320 1980
0 1805 2606 838 1330 1980
0 1805 2590 840 1342 1980
0 1804 2581 841 1348 1980
0 1804 2577 842 1355 1979
0 1805 2574 842 1357 1978
0 1804 2574 842 1359 1978
0 1804 2574 842 1362 1978
0 1804 2573 842 1364 1978
0 1804 2574 842 1366 1978
0 1804 2574 842 1366 1977
0 1804 2574 842 1366 1977
0 1804 2574 842 1365 1977
0 1804 2574 842 1364 1977
0 1804 2574 841 1363 1977
0 1804 2574 841 1363 1977
0 1804 2574 841 1363 1977
0 1804 2574 841 1363 1978
0 1804 2574 840 1363 1977
0 1804 2574 839 1363 1976
0 1803 2574 836 1362 1976
0 1802 2573 836 1363 1976
0 1800 2569 835 1363 1976
0 1794 2559 835 1364 1976
0 1786 2551 835 1364 1976
0 1778 2541 835 1365 1975
0 1771 2532 836 1365 1976
0 1760 2521 836 1366 1976
0 1755 2511 836 1367 1976
0 1747 2501 837 1370 1976
0 1740 2492 838 1376 1976
0 1733 2482 837 1380 1976
0 1725 2472 838 1387 1976
0 1716 2462 838 1394 1977
0 1710 2454 838 1401 1976
0 1703 2446 838 1408 1976
0 1696 2439 838 1413 1976
0 1690 2430 838 1418 1976
0 1684 2424 838 1422 1976
0 1680 2419 839 1426 1976
0 1677 2416 839 1428 1976
0 1676 2414 839 1428 1976
0 1674 2413 840 1428 1976
0 1674 2413 840 1428 1976
0 1673 2418 840 1423 1976
0 1666 2430 838 1417 1975
0 1652 2446 836 1415 1974
0 1641 2468 835 1404 1975
0 1636 2494 834 1390 1976
0 1634 2520 834 1372 1977
0 1635 2548 834 1353 1980
0 1638 2576 833 1331 1984
0 1639 2604 833 1310 1984
0 1643 2633 832 1287 1984
0 1653 2661 832 1265 1985
0 1666 2683 832 1240 1986
0 1681 2704 832 1219 1985
0 1698 2719 832 1205 1985
0 1715 2727 832 1197 1985
0 1729 2724 832 1196 1984
0 1744 2718 832 1196 1984
0 1750 2710 833 1201 1984
0 1758 2701 834 1203 1984
0 1760 2687 834 1206 1984
0 1762 2672 834 1208 1984
0 1763 2658 834 1215 1984
0 1762 2642 834 1222 1983
0 1763 2625 835 1228 1983
0 1762 2609 835 1237 1983
0 1763 2595 836 1248 1984
0 1763 2581 836 1257 1983
0 1763 2569 836 1267 1983
0 1763 2557 839 1276 1983
0 1763 2547 840 1284 1983
0 1763 2542 840 1290 1982
0 1762 2538 840 1296 1983
0 1763 2536 841 1296 1983
0 1763 2534 842 1297 1983
0 1762 2534 842 1299 1983
0 1762 2534 842 1307 1983
0 1762 2534 842 1314 1982
0 1761 2534 842 1322 1981
0 1761 2534 842 1326 1981
0 1761 2534 842 1334 1980
0 1760 2525 843 1343 1979
0 1760 2517 843 1354 1979
0 1759 2511 843 1362 1978
0 1753 2503 844 1373 1979
0 1747 2494 853 1384 1978
0 1738 2483 863 1395 1978
0 1731 2471 872 1405 1978
0 1724 2459 881 1413 1978
0 1714 2446 891 1422 1978
0 1708 2435 901 1430 1978
0 1701 2424 911 1438 1978
0 1694 2413 921 1447 1978
0 1686 2401 931 1456 1978
0 1680 2392 940 1460 1978
0 1677 2389 944 1462 1977
0 1676 2389 944 1460 1978
0 1674 2390 944 1459 1978
0 1674 2390 944 1460 1978
0 1672 2391 943 1460 1978
0 1671 2391 944 1459 1978
0 1670 2392 944 1459 1978
0 1670 2392 944 1459 1978
0 1669 2391 944 1459 1978
0 1669 2392 944 1458 1978
0 1668 2398 943 1450 1976
0 1667 2416 940 1441 1977
0 1666 2443 940 1423 1979
0 1668 2479 941 1403 1980
0 1674 2519 942 1379 1983
0 1682 2569 943 1353 1984
0 1703 2616 944 1322 1984
0 1731 2663 944 1295 1985
0 1763 2709 944 1266 1987
0 1799 2755 946 1266 1987
0 1835 2802 956 1206 1987
0 1869 2847 962 1177 1988
0 1892 2886 971 1149 1988
0 1915 2922 972 1118 1988
0 1936 2964 976 1084 1987
0 1955 3003 976 1049 1987
0 1968 3042 980 1014 1987
0 1980 3076 985 985 1986
0 1994 3102 986 960 1986
0 2003 3117 986 938 1985
0 2004 3122 985 925 1980
0 2004 3122 978 921 1977
0 2002 3120 975 920 1976
0 2002 3120 975 920 1980
0 2000 3118 974 921 1979
0 2001 3117 972 921 1979
0 2000 3116 972 920 1980
0 2000 3117 971 921 1979
0 2000 3116 969 921 1978
0 2000 3116 968 920 1979
0 2000 3116 969 920 1979
0 2000 3117 968 921 1979
0 2000 3116 968 920 1979
0 2000 3116 968 920 1980
0 2000 3116 968 921 1980
0 2000 3116 968 920 1979
0 2000 3117 968 921 1979
