0 2002 3092 893 899 1923
0 2002 3091 893 899 1923
0 2002 3092 893 898 1924
0 2002 3092 893 900 1921
0 2002 3091 893 900 1921
0 2002 3092 892 899 1922
0 2002 3092 893 900 1920
0 2002 3092 893 899 1920
0 2002 3092 892 900 1920
0 2001 3091 893 901 1920
0 1998 3092 893 903 1920
0 1997 3091 894 905 1920
0 1997 3091 895 917 1920
0 1996 3091 896 929 1920
0 1996 3091 896 944 1920
0 1994 3090 898 962 1920
0 1989 3088 898 983 1920
0 1985 3078 899 1004 1920
0 1981 3066 899 1026 1921
0 1977 3051 900 1052 1921
0 1970 3034 899 1078 1921
0 1961 3014 899 1104 1922
0 1952 2991 900 1133 1922
0 1942 2968 899 1161 1922
0 1931 2945 899 1189 1922
0 1919 2919 899 1219 1922
0 1907 2893 899 1245 1922
0 1894 2866 899 1273 1922
0 1883 2840 900 1305 1922
0 1869 2812 900 1334 1923
0 1856 2786 904 1362 1923
0 1847 2756 912 1390 1923
0 1835 2729 919 1418 1923
0 1826 2698 929 1442 1923
0 1817 2667 942 1470 1923
0 1808 2635 951 1493 1923
0 1800 2606 961 1517 1924
0 1793 2577 972 1537 1924
0 1787 2548 984 1558 1924
0 1785 2521 993 1576 1924
0 1784 2496 1001 1589 1924
0 1784 2475 1001 1602 1924
0 1784 2456 1012 1611 1924
0 1784 2443 1015 1622 1924
0 1784 2431 1015 1627 1924
0 1784 2424 1016 1633 1924
0 1784 2418 1016 1638 1924
0 1784 2413 1016 1643 1924
0 1784 2407 1016 1644 1924
0 1784 2406 1016 1644 1924
0 1784 2406 1016 1643 1924
0 1784 2406 1016 1643 1924
0 1784 2406 1016 1643 1924
0 1784 2406 1016 1644 1924
0 1784 2406 1016 1644 1924
0 1784 2404 1016 1643 1924
0 1785 2397 1016 1644 1924
0 1784 2394 1016 1644 1924
0 1784 2391 1016 1647 1924
0 1784 2382 1021 1654 1924
0 1782 2373 1024 1660 1923
0 1782 2363 1033 1671 1923
0 1779 2349 1041 1683 1922
0 1774 2335 1051 1692 1922
0 1765 2320 1060 1704 1921
0 1759 2304 1071 1716 1922
0 1750 2287 1084 1727 1922
0 1743 2271 1095 1738 1921
0 1734 2253 1107 1748 1922
0 1726 2238 1120 1759 1922
0 1718 2219 1133 1770 1922
0 1710 2202 1147 1780 1922
0 1704 2184 1160 1790 1921
0 1696 2167 1173 1804 1921
0 1691 2148 1186 1813 1921
0 1685 2133 1199 1824 1921
0 1680 2117 1213 1833 1922
0 1676 2100 1224 1840 1921
0 1671 2087 1236 1849 1921
0 1666 2073 1248 1855 1921
0 1664 2063 1259 1858 1921
0 1661 2060 1265 1863 1921
0 1658 2061 1267 1862 1920
0 1654 2068 1268 1860 1920
0 1651 2074 1268 1856 1920
0 1645 2084 1267 1856 1920
0 1638 2097 1267 1855 1919
0 1634 2113 1267 1854 1920
0 1632 2134 1263 1850 1920
0 1628 2154 1262 1837 1922
0 1623 2177 1260 1820 1922
0 1620 2201 1260 1801 1924
0 1620 2225 1253 1779 1924
0 1621 2250 1245 1756 1924
0 1625 2274 1236 1732 1924
0 1626 2296 1232 1711 1928
0 1628 2317 1230 1692 1928
0 1634 2333 1229 1672 1929
0 1647 2347 1229 1654 1929
0 1659 2361 1228 1638 1930
0 1676 2368 1229 1624 1930
0 1692 2373 1230 1618 1930
0 1708 2372 1230 1613 1930
0 1725 2368 1231 1613 1930
0 1737 2367 1232 1615 1929
0 1748 2366 1232 1616 1928
0 1752 2361 1232 1620 1928
0 1754 2348 1232 1623 1927
0 1754 2334 1234 1624 1927
0 1754 2322 1234 1628 1926
0 1754 2309 1235 1629 1925
0 1754 2296 1236 1634 1926
0 1754 2282 1238 1644 1925
0 1754 2269 1244 1653 1925
0 1754 2255 1248 1661 1925
0 1754 2246 1253 1670 1925
0 1754 2238 1257 1677 1925
0 1754 2228 1260 1685 1926
0 1754 2218 1265 1692 1926
0 1754 2211 1267 1696 1925
0 1755 2205 1267 1702 1926
0 1754 2201 1267 1708 1926
0 1754 2197 1267 1712 1926
0 1754 2196 1267 1718 1925
0 1754 2196 1267 1718 1925
0 1754 2195 1267 1717 1925
0 1754 2196 1267 1717 1925
0 1754 2196 1267 1716 1925
0 1753 2197 1266 1715 1924
0 1752 2197 1265 1714 1924
0 1752 2199 1261 1712 1924
0 1750 2202 1260 1708 1922
0 1750 2202 1259 1708 1921
0 1750 2202 1258 1708 1921
0 1749 2202 1257 1707 1921
0 1748 2202 1256 1707 1921
0 1746 2202 1256 1707 1920
0 1746 2202 1255 1706 1921
0 1745 2203 1250 1706 1920
0 1742 2206 1238 1706 1920
0 1738 2208 1230 1706 1920
0 1732 2208 1222 1706 1921
0 1727 2210 1217 1706 1920
0 1720 2211 1213 1706 1920
0 1712 2211 1207 1706 1920
0 1707 2210 1200 1706 1920
0 1702 2211 1196 1706 1920
0 1695 2210 1191 1706 1921
0 1691 2210 1188 1706 1921
0 1686 2209 1187 1706 1920
0 1682 2209 1183 1706 1920
0 1677 2208 1180 1706 1921
0 1674 2209 1176 1706 1921
0 1667 2208 1172 1706 1921
0 1664 2208 1167 1706 1921
0 1659 2208 1166 1707 1921
0 1658 2208 1167 1706 1921
0 1658 2208 1166 1707 1921
0 1659 2209 1167 1707 1920
0 1658 2212 1167 1707 1920
0 1658 2224 1167 1705 1920
0 1653 2244 1167 1697 1920
0 1650 2268 1168 1685 1921
0 1648 2294 1167 1669 1922
0 1649 2325 1167 1650 1924
0 1652 2360 1167 1628 1925
0 1659 2398 1167 1604 1927
0 1676 2437 1167 1577 1930
0 1696 2475 1167 1546 1932
0 1726 2515 1166 1512 1932
0 1759 2560 1166 1478 1933
0 1800 2598 1166 1436 1934
0 1841 2637 1167 1396 1935
0 1875 2676 1164 1355 1935
0 1902 2713 1163 1315 1936
0 1927 2746 1155 1271 1936
0 1953 2778 1149 1229 1936
0 1974 2810 1142 1187 1936
0 1993 2843 1134 1142 1936
0 2009 2877 1127 1096 1936
0 2022 2905 1120 1051 1935
0 2030 2936 1116 1007 1935
0 2040 2967 1114 963 1933
0 2046 2997 1111 917 1933
0 2048 3025 1111 876 1932
0 2048 3053 1111 837 1930
0 2046 3076 1112 803 1924
0 2044 3088 1111 782 1923
0 2042 3089 1108 768 1923
0 2040 3087 1102 765 1923
0 2040 3086 1100 766 1924
0 2041 3086 1100 766 1924
0 2041 3086 1100 766 1924
0 2040 3086 1100 766 1924
0 2040 3086 1100 766 1924
0 2040 3086 1100 766 1924
0 2040 3086 1100 766 1924
0 2041 3086 1100 766 1924
0 2040 3086 1100 766 1924
0 2040 3086 1100 766 1924
0 2040 3086 1100 766 1924
0 2040 3086 1100 766 1924
0 2040 3086 1100 766 1924
0 2040 3086 1100 766 1924
