0 2004 3095 894 896 1985
0 2004 3095 892 896 1984
0 2004 3095 892 896 1982
0 2004 3095 892 896 1982
0 2003 3096 892 896 1980
0 2004 3095 892 896 1980
0 2003 3095 892 896 1984
0 2004 3095 894 902 1984
0 2004 3094 895 908 1984
0 2006 3085 895 918 1985
0 2015 3071 896 930 1986
0 2028 3055 896 944 1986
0 2044 3040 895 959 1985
0 2063 3023 895 978 1986
0 2082 3008 888 995 1986
0 2103 2990 877 1012 1986
0 2126 2970 868 1034 1986
0 2151 2950 859 1056 1986
0 2173 2924 844 1081 1986
0 2198 2897 831 1103 1985
0 2222 2871 819 1127 1985
0 2243 2848 809 1150 1985
0 2268 2822 799 1173 1984
0 2286 2797 791 1195 1983
0 2302 2773 782 1217 1983
0 2320 2746 773 1235 1983
0 2332 2718 768 1255 1982
0 2340 2688 768 1273 1981
0 2345 2661 767 1296 1980
0 2348 2632 766 1313 1981
0 2348 2608 765 1331 1980
0 2348 2584 765 1347 1980
0 2348 2561 765 1365 1980
0 2348 2539 765 1381 1980
0 2348 2518 764 1398 1980
0 2348 2500 765 1413 1980
0 2348 2483 765 1427 1980
0 2348 2467 766 1438 1980
0 2348 2456 767 1447 1980
0 2348 2447 767 1455 1980
0 2348 2441 767 1462 1980
0 2348 2433 767 1471 1980
0 2348 2428 767 1474 1980
0 2349 2423 767 1477 1980
0 2348 2419 768 1481 1980
0 2349 2419 768 1483 1980
0 2349 2419 768 1483 1980
0 2348 2418 768 1483 1980
0 2348 2419 767 1484 1980
0 2349 2419 768 1483 1980
0 2349 2419 768 1483 1980
0 2348 2420 767 1483 1980
0 2348 2421 768 1483 1980
0 2349 2422 768 1482 1980
0 2348 2425 768 1482 1980
0 2347 2429 768 1482 1980
0 2345 2430 768 1482 1980
0 2344 2432 768 1482 1980
0 2343 2438 768 1482 1980
0 2342 2443 768 1482 1978
0 2341 2451 768 1481 1976
0 2340 2458 767 1479 1976
0 2338 2465 767 1477 1976
0 2332 2476 767 1476 1976
0 2327 2483 766 1476 1976
0 2321 2491 766 1476 1976
0 2316 2499 766 1475 1976
0 2310 2508 766 1474 1977
0 2302 2515 766 1474 1976
0 2297 2525 766 1474 1976
0 2289 2535 765 1474 1977
0 2281 2545 762 1473 1977
0 2272 2557 760 1473 1977
0 2264 2566 760 1470 1977
0 2255 2575 759 1462 1977
0 2245 2584 759 1456 1977
0 2235 2592 759 1450 1976
0 2227 2600 760 1446 1977
0 2215 2608 760 1442 1976
0 2208 2613 760 1441 1976
0 2200 2619 760 1439 1976
0 2197 2621 760 1439 1977
0 2196 2621 760 1439 1977
0 2196 2621 760 1439 1977
0 2196 2621 760 1440 1976
0 2196 2621 760 1439 1976
0 2196 2621 760 1439 1976
0 2198 2622 760 1437 1976
0 2198 2632 761 1431 1978
0 2198 2651 760 1420 1979
0 2198 2672 758 1407 1980
0 2198 2694 758 1391 1980
0 2201 2719 758 1374 1980
0 2204 2744 757 1357 1981
0 2205 2767 758 1341 1982
0 2208 2791 759 1326 1984
0 2215 2813 760 1316 1984
0 2228 2831 760 1310 1984
0 2241 2847 760 1311 1984
0 2260 2855 760 1315 1984
0 2272 2852 754 1318 1984
0 2291 2852 748 1323 1983
0 2306 2837 737 1334 1981
0 2322 2824 726 1346 1980
0 2335 2805 718 1362 1980
0 2344 2782 713 1381 1980
0 2350 2756 708 1403 1979
0 2354 2732 707 1420 1979
0 2358 2706 707 1435 1979
0 2364 2679 708 1450 1978
0 2368 2653 708 1468 1979
0 2368 2630 708 1481 1978
0 2368 2607 708 1494 1978
0 2368 2586 710 1507 1979
0 2368 2564 712 1521 1978
0 2368 2546 715 1535 1979
0 2368 2529 719 1546 1979
0 2368 2513 724 1558 1979
0 2368 2500 728 1567 1978
0 2367 2489 732 1576 1978
0 2367 2484 734 1581 1979
0 2366 2478 736 1586 1981
0 2367 2474 736 1589 1982
0 2366 2474 736 1591 1983
0 2367 2475 736 1590 1984
0 2367 2476 736 1591 1984
0 2366 2476 736 1590 1984
0 2366 2475 736 1590 1981
0 2366 2476 735 1590 1980
0 2365 2476 735 1589 1980
0 2365 2475 735 1590 1980
0 2365 2475 735 1588 1980
0 2364 2476 735 1588 1980
0 2364 2478 734 1586 1980
0 2360 2482 732 1583 1980
0 2356 2486 729 1581 1980
0 2352 2489 728 1579 1980
0 2344 2495 728 1577 1980
0 2335 2506 724 1568 1980
0 2325 2518 719 1558 1981
0 2317 2531 712 1545 1981
0 2305 2544 706 1534 1980
0 2298 2557 704 1523 1981
0 2287 2569 698 1514 1981
0 2279 2579 694 1504 1981
0 2270 2588 688 1494 1981
0 2261 2597 684 1484 1981
0 2252 2608 680 1475 1981
0 2240 2617 680 1465 1981
0 2230 2624 679 1455 1980
0 2223 2630 680 1443 1980
0 2212 2636 679 1433 1980
0 2205 2642 679 1425 1980
0 2198 2647 679 1417 1980
0 2190 2650 679 1413 1980
0 2187 2650 680 1408 1980
0 2186 2650 680 1406 1979
0 2187 2650 679 1406 1980
0 2188 2646 680 1406 1980
0 2189 2645 679 1406 1980
0 2189 2644 680 1406 1980
0 2190 2644 680 1406 1980
0 2190 2644 680 1406 1980
0 2190 2644 679 1406 1980
0 2189 2644 680 1406 1980
0 2190 2644 679 1406 1980
0 2190 2643 680 1406 1982
0 2190 2643 680 1405 1984
0 2188 2654 680 1404 1980
0 2190 2674 680 1395 1984
0 2190 2698 680 1382 1984
0 2188 2731 681 1366 1981
0 2183 2765 682 1344 1980
0 2171 2803 682 1323 1980
0 2150 2845 682 1304 1979
0 2126 2883 682 1283 1978
0 2097 2923 688 1260 1977
0 2070 2964 697 1234 1977
0 2049 3009 709 1211 1977
0 2029 3054 726 1187 1977
0 2014 3097 748 1161 1976
0 2008 3136 773 1133 1976
0 2005 3174 795 1102 1977
0 2005 3204 808 1069 1978
0 2006 3230 816 1029 1979
0 2008 3252 823 993 1979
0 2011 3264 824 963 1980
0 2008 3264 823 940 1978
0 2009 3264 822 917 1976
0 2010 3265 818 899 1976
0 2010 3264 816 888 1976
0 2009 3264 815 887 1974
0 2007 3263 815 888 1973
0 2007 3263 815 888 1975
0 2007 3263 816 888 1975
0 2007 3263 815 887 1975
0 2006 3263 815 888 1975
0 2007 3264 815 888 1975
0 2006 3263 815 887 1975
0 2007 3263 815 888 1976
0 2007 3263 816 888 1975
0 2007 3263 815 888 1976
0 2007 3263 815 888 1975
0 2006 3263 815 888 1976
0 2007 3263 815 888 1975
0 2007 3263 815 888 1976
