0 2004 3095 894 896 1904
0 2004 3095 894 896 1904
0 2004 3095 894 896 1901
0 2004 3096 894 896 1902
0 2004 3096 894 896 1901
0 2004 3095 894 896 1900
0 2004 3095 894 896 1900
0 2004 3094 892 896 1900
0 2003 3094 892 896 1900
0 2003 3094 892 899 1903
0 2004 3094 892 900 1907
0 2004 3094 892 902 1908
0 2004 3094 892 904 1908
0 2004 3094 893 907 1908
0 2004 3094 894 912 1908
0 2004 3091 894 918 1910
0 2004 3083 894 926 1920
0 2004 3075 894 936 1932
0 2005 3064 895 948 1946
0 2004 3053 896 960 1960
0 2005 3041 899 978 1970
0 2006 3025 900 996 1977
0 2006 3008 900 1012 1984
0 2006 2990 902 1029 1986
0 2006 2972 902 1049 1987
0 2007 2950 903 1071 1987
0 2008 2928 903 1097 1986
0 2008 2903 904 1120 1987
0 2008 2880 903 1139 1986
0 2010 2855 903 1159 1986
0 2016 2832 902 1179 1986
0 2024 2808 900 1201 1986
0 2030 2784 900 1217 1986
0 2037 2763 900 1231 1986
0 2041 2743 900 1247 1986
0 2045 2722 900 1263 1985
0 2050 2700 900 1278 1985
0 2052 2681 900 1295 1985
0 2052 2663 900 1309 1985
0 2052 2649 900 1320 1985
0 2052 2635 901 1331 1985
0 2052 2624 902 1342 1985
0 2052 2611 902 1347 1985
0 2053 2608 902 1354 1986
0 2053 2606 903 1356 1985
0 2053 2606 903 1360 1986
0 2052 2606 903 1361 1986
0 2053 2606 903 1361 1985
0 2052 2606 903 1361 1985
0 2053 2607 903 1360 1986
0 2052 2608 902 1360 1986
0 2052 2608 901 1359 1984
0 2052 2607 901 1360 1984
0 2052 2607 902 1360 1984
0 2053 2607 902 1360 1984
0 2052 2607 902 1361 1984
0 2052 2607 902 1362 1983
0 2052 2607 902 1367 1983
0 2050 2607 902 1370 1983
0 2048 2606 902 1377 1982
0 2046 2603 902 1385 1982
0 2046 2597 904 1391 1982
0 2045 2592 912 1397 1981
0 2044 2586 920 1402 1981
0 2041 2580 927 1408 1980
0 2035 2574 933 1412 1980
0 2029 2567 943 1416 1980
0 2022 2559 950 1420 1980
0 2012 2554 960 1424 1979
0 2005 2546 965 1429 1979
0 1997 2538 974 1432 1980
0 1988 2532 983 1437 1979
0 1979 2524 989 1442 1980
0 1971 2516 997 1446 1979
0 1963 2508 1005 1449 1980
0 1954 2502 1011 1454 1980
0 1946 2496 1019 1458 1980
0 1941 2490 1024 1462 1980
0 1935 2486 1030 1464 1979
0 1932 2485 1031 1465 1980
0 1927 2485 1032 1465 1979
0 1927 2486 1032 1464 1979
0 1928 2493 1031 1463 1979
0 1928 2502 1032 1458 1978
0 1926 2519 1036 1454 1979
0 1926 2542 1037 1443 1980
0 1927 2568 1038 1431 1980
0 1928 2596 1038 1415 1980
0 1928 2626 1037 1398 1980
0 1928 2659 1036 1371 1980
0 1928 2688 1035 1342 1980
0 1928 2715 1031 1312 1980
0 1928 2737 1027 1283 1980
0 1927 2755 1023 1253 1980
0 1926 2767 1012 1228 1980
0 1926 2775 1005 1210 1980
0 1926 2776 995 1198 1979
0 1925 2771 988 1190 1977
0 1925 2765 979 1190 1976
0 1925 2756 971 1191 1976
0 1925 2745 964 1196 1976
0 1925 2734 962 1200 1976
0 1926 2722 962 1201 1976
0 1925 2709 962 1206 1976
0 1925 2695 962 1209 1980
0 1925 2683 962 1214 1980
0 1925 2672 963 1221 1980
0 1925 2662 964 1228 1981
0 1925 2651 964 1236 1981
0 1925 2641 964 1244 1982
0 1925 2630 964 1250 1982
0 1925 2623 964 1260 1982
0 1925 2611 964 1267 1982
0 1925 2604 964 1275 1982
0 1925 2593 965 1284 1982
0 1925 2585 966 1294 1982
0 1924 2577 967 1303 1982
0 1925 2569 967 1311 1983
0 1925 2566 968 1314 1982
0 1925 2566 967 1316 1982
0 1925 2566 968 1315 1982
0 1925 2566 967 1314 1983
0 1925 2566 967 1315 1982
0 1925 2566 967 1314 1982
0 1925 2566 968 1314 1982
0 1925 2567 967 1314 1982
0 1925 2567 967 1314 1982
0 1925 2566 968 1315 1982
0 1926 2566 970 1315 1983
0 1929 2566 971 1319 1984
0 1930 2566 972 1324 1984
0 1932 2566 972 1331 1984
0 1933 2566 972 1338 1984
0 1934 2566 972 1344 1984
0 1940 2565 972 1353 1984
0 1945 2565 972 1361 1984
0 1953 2562 972 1371 1984
0 1962 2559 973 1381 1984
0 1968 2558 974 1394 1984
0 1975 2558 973 1406 1985
0 1985 2551 973 1416 1984
0 1994 2546 974 1425 1985
0 2003 2539 980 1433 1985
0 2011 2533 987 1443 1984
0 2019 2524 992 1454 1985
0 2027 2516 998 1462 1984
0 2035 2509 1004 1472 1984
0 2042 2502 1010 1479 1984
0 2052 2496 1012 1486 1984
0 2055 2494 1014 1492 1985
0 2057 2494 1014 1494 1985
0 2058 2495 1014 1494 1984
0 2058 2495 1014 1494 1985
0 2058 2496 1014 1494 1984
0 2059 2498 1013 1488 1985
0 2061 2507 1013 1484 1985
0 2062 2526 1013 1482 1984
0 2062 2553 1013 1481 1984
0 2062 2585 1012 1469 1984
0 2061 2623 1010 1444 1983
0 2058 2665 1007 1416 1983
0 2055 2705 1006 1386 1982
0 2050 2747 1005 1348 1982
0 2041 2789 1006 1305 1982
0 2031 2833 1005 1264 1982
0 2022 2876 1004 1218 1981
0 2013 2919 1002 1173 1981
0 2011 2953 999 1122 1981
0 2011 2983 988 1072 1981
0 2012 3013 982 1025 1981
0 2012 3048 981 981 1980
0 2012 3078 981 934 1980
0 2012 3102 981 888 1981
0 2012 3122 981 848 1979
0 2010 3131 976 817 1979
0 2009 3130 970 803 1979
0 2010 3130 964 800 1978
0 2010 3130 964 801 1980
0 2010 3130 964 802 1980
0 2010 3129 963 802 1981
0 2010 3129 964 802 1980
0 2010 3129 964 801 1980
0 2010 3129 964 802 1981
0 2010 3129 963 802 1981
0 2010 3130 964 802 1981
0 2010 3129 964 802 1981
0 2010 3129 964 802 1981
0 2010 3129 964 802 1981
0 2010 3129 964 802 1981
0 2010 3130 964 802 1980
0 2010 3129 964 802 1981
0 2010 3129 964 802 1981
0 2010 3129 964 802 1981
0 2010 3129 964 802 1981
0 2010 3129 964 802 1981
0 2010 3129 963 802 1980
