0 1997 3087 887 903 2000
0 1996 3086 887 903 2000
0 1997 3087 887 903 2000
0 1997 3087 887 903 2000
0 1997 3086 887 903 2000
0 1997 3087 887 903 2000
0 1997 3087 887 903 2000
0 1997 3087 887 903 2000
0 1997 3087 887 903 2000
0 1997 3087 887 903 2000
0 1998 3087 887 903 2000
0 1998 3087 887 904 2000
0 1997 3086 887 904 2000
0 1996 3087 887 903 2000
0 1997 3087 887 903 1996
0 1997 3087 887 903 1999
0 1997 3087 887 903 1996
0 1997 3087 887 903 1996
0 1997 3087 887 903 1996
0 1997 3086 887 903 1996
0 1997 3087 887 903 1996
0 1997 3087 887 904 1996
0 1996 3087 887 904 1996
0 1997 3087 887 904 1996
0 1997 3087 887 904 1996
0 1996 3087 888 907 1996
0 1996 3086 889 908 1997
0 1997 3086 890 915 1998
0 1997 3082 890 920 1998
0 1998 3080 891 932 1998
0 1998 3074 891 945 1998
0 1998 3068 892 960 1998
0 1998 3062 894 980 1997
0 1998 3050 900 1003 1996
0 1998 3041 906 1023 1996
0 1996 3028 914 1049 1996
0 1996 3013 921 1075 1996
0 1996 2998 928 1103 1996
0 1996 2981 937 1128 1996
0 1996 2966 944 1152 1996
0 1995 2948 949 1179 1995
0 1995 2924 957 1207 1996
0 1994 2898 961 1233 1996
0 1994 2871 971 1260 1996
0 1992 2845 979 1288 1995
0 1988 2814 988 1319 1995
0 1984 2785 999 1346 1995
0 1979 2756 1009 1373 1995
0 1973 2728 1020 1400 1995
0 1965 2695 1032 1426 1995
0 1960 2664 1042 1451 1994
0 1953 2633 1054 1475 1994
0 1946 2606 1064 1498 1994
0 1940 2575 1075 1522 1995
0 1934 2542 1089 1544 1994
0 1926 2510 1102 1566 1994
0 1920 2480 1116 1588 1995
0 1915 2452 1124 1608 1995
0 1908 2425 1135 1628 1994
0 1904 2397 1146 1645 1995
0 1900 2372 1157 1660 1995
0 1897 2348 1168 1677 1995
0 1894 2324 1180 1691 1995
0 1890 2301 1189 1704 1995
0 1890 2278 1199 1717 1995
0 1890 2260 1207 1727 1995
0 1890 2246 1214 1735 1995
0 1889 2237 1218 1740 1995
0 1888 2228 1222 1746 1995
0 1888 2223 1224 1750 1995
0 1888 2220 1224 1754 1995
0 1888 2220 1224 1754 1995
0 1888 2223 1225 1754 1995
0 1888 2226 1224 1752 1995
0 1888 2230 1223 1748 1995
0 1888 2231 1223 1747 1994
0 1888 2232 1223 1746 1994
0 1888 2238 1220 1743 1994
0 1888 2243 1218 1740 1994
0 1888 2250 1217 1739 1994
0 1888 2256 1216 1730 1995
0 1888 2267 1215 1717 1994
0 1888 2279 1206 1701 1995
0 1888 2293 1195 1684 1995
0 1888 2309 1183 1665 1995
0 1888 2326 1171 1647 1995
0 1888 2345 1158 1625 1995
0 1888 2363 1144 1605 1995
0 1888 2377 1129 1586 1995
0 1888 2393 1116 1569 1995
0 1888 2410 1102 1547 1996
0 1888 2425 1088 1529 1996
0 1888 2439 1072 1510 1996
0 1888 2454 1059 1495 1995
0 1888 2465 1045 1479 1996
0 1888 2479 1034 1465 1996
0 1888 2490 1023 1449 1996
0 1888 2501 1010 1434 1995
0 1888 2511 1000 1420 1996
0 1888 2519 992 1409 1996
0 1888 2530 982 1397 1996
0 1888 2535 971 1385 1996
0 1888 2542 962 1375 1996
0 1888 2550 950 1365 1995
0 1888 2558 940 1354 1995
0 1888 2562 929 1345 1994
0 1888 2568 917 1338 1994
0 1888 2573 908 1331 1994
0 1888 2576 902 1326 1993
0 1888 2575 893 1322 1994
0 1888 2575 887 1316 1994
0 1888 2575 881 1314 1994
0 1888 2575 874 1309 1994
0 1888 2575 869 1302 1994
0 1888 2575 863 1298 1994
0 1888 2575 859 1293 1994
0 1888 2575 855 1288 1993
0 1888 2575 851 1285 1994
0 1888 2575 850 1282 1994
0 1888 2575 850 1281 1994
0 1888 2574 850 1280 1994
0 1888 2574 850 1276 1994
0 1888 2572 849 1272 1994
0 1888 2571 844 1267 1994
0 1888 2573 836 1263 1994
0 1888 2579 834 1256 1995
0 1888 2591 834 1247 1995
0 1888 2610 835 1235 1995
0 1888 2635 839 1224 1995
0 1890 2668 845 1215 1995
0 1894 2703 855 1207 1995
0 1898 2737 868 1201 1995
0 1902 2769 882 1198 1996
0 1907 2800 897 1194 1996
0 1917 2829 913 1195 1996
0 1926 2857 929 1198 1996
0 1940 2880 950 1200 1996
0 1952 2899 971 1203 1996
0 1963 2914 989 1208 1996
0 1973 2924 1008 1215 1996
0 1983 2930 1025 1225 1996
0 1993 2932 1041 1236 1996
0 2002 2931 1056 1251 1995
0 2008 2928 1070 1268 1995
0 2016 2923 1080 1287 1995
0 2025 2913 1087 1309 1996
0 2035 2897 1088 1329 1996
0 2049 2880 1088 1352 1999
0 2061 2860 1088 1373 1999
0 2073 2839 1088 1398 2000
0 2087 2812 1088 1424 1998
0 2101 2784 1088 1447 1996
0 2114 2756 1088 1472 1996
0 2129 2727 1088 1493 1996
0 2143 2695 1088 1515 1996
0 2157 2663 1088 1536 1995
0 2171 2633 1088 1557 1995
0 2180 2607 1088 1576 1995
0 2187 2581 1088 1598 1995
0 2194 2552 1089 1618 1995
0 2197 2524 1094 1633 1994
0 2198 2496 1097 1649 1994
0 2198 2469 1099 1662 1994
0 2197 2445 1104 1677 1994
0 2196 2421 1109 1691 1993
0 2196 2399 1115 1706 1993
0 2196 2376 1120 1722 1993
0 2196 2355 1128 1735 1993
0 2196 2334 1136 1747 1993
0 2194 2316 1145 1759 1993
0 2193 2299 1153 1770 1993
0 2193 2284 1159 1777 1993
0 2193 2273 1164 1787 1993
0 2193 2259 1167 1792 1993
0 2192 2247 1172 1801 1993
0 2192 2238 1172 1808 1993
0 2192 2228 1172 1814 1994
0 2192 2223 1172 1823 1994
0 2192 2219 1172 1828 1993
0 2192 2220 1172 1834 1994
0 2191 2220 1172 1834 1994
0 2191 2220 1172 1834 1993
0 2191 2224 1172 1834 1993
0 2192 2226 1172 1829 1993
0 2194 2231 1170 1826 1994
0 2194 2233 1169 1822 1994
0 2194 2239 1167 1819 1995
0 2194 2246 1166 1811 1995
0 2194 2255 1164 1801 1994
0 2192 2265 1162 1788 1995
0 2191 2276 1158 1772 1995
0 2189 2287 1152 1754 1995
0 2186 2300 1144 1739 1994
0 2185 2314 1135 1724 1995
0 2184 2326 1125 1708 1995
0 2182 2339 1117 1691 1995
0 2181 2353 1108 1673 1995
0 2180 2367 1099 1656 1994
0 2180 2378 1089 1642 1995
0 2180 2391 1084 1623 1994
0 2180 2401 1072 1608 1994
0 2180 2415 1062 1595 1995
0 2180 2426 1054 1578 1994
0 2179 2436 1044 1564 1994
0 2175 2447 1037 1549 1994
0 2172 2458 1026 1534 1994
0 2171 2471 1017 1518 1995
0 2164 2482 1010 1504 1995
0 2160 2495 999 1489 1994
0 2160 2504 991 1476 1994
0 2158 2514 983 1460 1994
0 2154 2523 972 1446 1995
0 2152 2534 962 1432 1995
0 2151 2544 951 1419 1995
0 2149 2554 940 1410 1995
0 2147 2561 928 1400 1995
0 2146 2571 915 1388 1995
0 2147 2578 905 1379 1994
0 2147 2585 894 1370 1994
0 2147 2590 883 1359 1995
0 2147 2594 872 1351 1995
0 2147 2599 861 1344 1995
0 2147 2604 848 1336 1994
0 2147 2607 836 1326 1995
0 2147 2608 825 1320 1995
0 2147 2609 816 1315 1995
0 2147 2608 809 1310 1995
0 2147 2608 801 1308 1995
0 2148 2609 796 1304 1994
0 2147 2609 792 1302 1995
0 2148 2609 786 1302 1994
0 2148 2609 783 1302 1994
0 2148 2611 777 1302 1994
0 2147 2616 771 1302 1994
0 2148 2622 767 1302 1994
0 2148 2628 766 1301 1994
0 2148 2641 766 1295 1994
0 2148 2659 766 1283 1995
0 2149 2679 766 1271 1995
0 2149 2703 766 1257 1995
0 2149 2729 767 1244 1995
0 2149 2755 767 1228 1995
0 2148 2782 768 1216 1994
0 2148 2810 768 1205 1994
0 2148 2837 768 1192 1994
0 2148 2863 768 1179 1995
0 2148 2891 768 1168 1994
0 2148 2920 768 1153 1994
0 2144 2950 768 1144 1993
0 2140 2980 768 1135 1994
0 2140 3011 771 1128 1994
0 2144 3043 784 1128 1995
0 2147 3066 798 1134 1997
0 2148 3082 815 1138 2000
0 2152 3094 833 1140 2001
0 2160 3102 849 1140 2001
0 2172 3110 864 1144 2002
0 2183 3114 876 1151 2002
0 2196 3114 889 1160 2002
0 2209 3113 897 1173 2003
0 2224 3112 903 1183 2003
0 2240 3107 904 1197 2003
0 2260 3100 904 1209 2002
0 2280 3084 903 1221 2003
0 2302 3065 900 1229 2001
0 2324 3045 890 1240 1999
0 2344 3020 876 1254 1997
0 2363 2993 864 1269 1996
0 2380 2965 848 1286 1995
0 2393 2934 834 1304 1994
0 2402 2904 819 1321 1994
0 2413 2874 807 1339 1994
0 2418 2846 797 1355 1994
0 2422 2814 788 1369 1994
0 2426 2783 783 1384 1993
0 2429 2753 778 1402 1993
0 2432 2721 777 1417 1993
0 2433 2687 777 1431 1993
0 2432 2657 777 1445 1993
0 2432 2627 778 1460 1993
0 2432 2599 778 1478 1993
0 2433 2570 780 1495 1993
0 2432 2545 780 1513 1993
0 2433 2521 781 1530 1993
0 2432 2500 783 1545 1993
0 2432 2479 784 1559 1993
0 2433 2464 783 1572 1993
0 2432 2452 784 1587 1993
0 2432 2441 784 1600 1993
0 2432 2431 784 1609 1994
0 2432 2424 784 1621 1994
0 2432 2415 784 1627 1994
0 2432 2406 784 1634 1994
0 2432 2398 784 1644 1993
0 2432 2391 784 1651 1994
0 2432 2386 786 1656 1994
0 2432 2380 788 1658 1994
0 2432 2380 787 1659 1994
0 2432 2380 787 1658 1994
0 2432 2380 787 1658 1995
0 2432 2380 786 1658 1995
0 2432 2380 786 1658 1996
0 2432 2380 786 1658 1996
0 2432 2380 785 1658 1995
0 2432 2380 785 1658 1995
0 2432 2380 786 1658 1995
0 2432 2380 786 1658 1995
0 2432 2380 785 1658 1995
0 2431 2380 785 1658 1995
0 2432 2380 786 1658 1995
0 2431 2380 785 1658 1995
0 2430 2382 785 1658 1996
0 2428 2384 784 1657 1996
0 2427 2388 784 1656 1995
0 2425 2392 784 1655 1994
0 2422 2392 784 1654 1994
0 2421 2395 784 1654 1995
0 2416 2399 784 1654 1995
0 2410 2408 783 1652 1995
0 2402 2418 780 1651 1995
0 2399 2428 776 1647 1995
0 2391 2439 771 1642 1995
0 2382 2452 768 1634 1995
0 2375 2465 759 1629 1995
0 2366 2481 753 1622 1995
0 2354 2496 749 1616 1995
0 2344 2512 742 1606 1995
0 2333 2530 738 1600 1996
0 2320 2544 734 1589 1995
0 2307 2560 728 1580 1995
0 2294 2577 724 1572 1995
0 2280 2592 720 1561 1995
0 2265 2608 720 1551 1994
0 2246 2623 719 1538 1993
0 2228 2635 719 1527 1993
0 2209 2648 719 1517 1992
0 2188 2661 719 1507 1992
0 2167 2669 719 1497 1992
0 2148 2677 719 1488 1992
0 2129 2683 719 1481 1992
0 2111 2689 719 1474 1992
0 2091 2694 719 1469 1992
0 2073 2698 719 1462 1992
0 2058 2698 719 1458 1992
0 2042 2698 719 1456 1992
0 2028 2698 720 1455 1992
0 2013 2698 719 1455 1992
0 2000 2698 719 1455 1992
0 1982 2697 719 1456 1992
0 1965 2694 720 1456 1992
0 1949 2692 719 1456 1992
0 1935 2690 719 1456 1992
0 1919 2689 720 1458 1992
0 1906 2682 720 1459 1992
0 1891 2675 719 1462 1992
0 1883 2667 720 1464 1992
0 1870 2661 722 1464 1992
0 1857 2651 722 1467 1992
0 1848 2645 723 1472 1992
0 1838 2635 724 1475 1992
0 1828 2628 724 1482 1992
0 1818 2620 725 1489 1992
0 1808 2608 726 1498 1992
0 1797 2598 727 1507 1992
0 1786 2588 727 1516 1992
0 1775 2577 728 1527 1993
0 1762 2565 728 1535 1993
0 1756 2553 728 1546 1993
0 1745 2542 728 1559 1993
0 1736 2532 728 1570 1994
0 1726 2520 728 1581 1993
0 1717 2508 728 1593 1993
0 1709 2497 728 1604 1994
0 1700 2486 732 1617 1994
0 1691 2473 738 1624 1994
0 1683 2460 746 1632 1994
0 1677 2450 751 1641 1994
0 1670 2441 756 1645 1994
0 1666 2438 758 1647 1995
0 1664 2438 758 1647 1995
0 1664 2439 758 1648 1995
0 1664 2440 758 1648 1995
0 1664 2440 758 1647 1996
0 1664 2440 758 1647 1996
0 1664 2440 758 1647 1996
0 1664 2442 756 1647 1996
0 1663 2450 756 1642 1994
0 1660 2465 755 1640 1992
0 1655 2487 752 1633 1993
0 1650 2509 752 1623 1994
0 1645 2535 751 1609 1994
0 1638 2565 751 1595 1994
0 1637 2596 751 1577 1995
0 1637 2627 751 1559 1996
0 1641 2659 752 1537 1998
0 1649 2689 754 1520 1998
0 1660 2722 756 1508 1998
0 1679 2753 766 1495 1998
0 1702 2781 771 1482 2000
0 1730 2810 780 1468 2000
0 1759 2839 789 1451 2000
0 1789 2868 800 1435 2000
0 1822 2893 814 1421 2000
0 1857 2916 832 1409 2001
0 1888 2935 849 1398 2002
0 1922 2949 868 1388 2002
0 1955 2958 886 1377 2002
0 1982 2964 902 1369 2002
0 2008 2966 917 1361 2002
0 2035 2965 932 1357 2002
0 2065 2962 943 1356 2002
0 2090 2958 948 1356 2002
0 2117 2951 955 1358 2001
0 2143 2940 955 1364 2000
0 2170 2921 955 1370 1999
0 2194 2899 955 1377 1998
0 2221 2873 955 1386 1997
0 2244 2849 955 1398 1996
0 2270 2820 955 1411 1996
0 2290 2787 955 1424 1995
0 2311 2755 954 1439 1996
0 2332 2721 955 1456 1995
0 2349 2688 955 1474 1995
0 2365 2655 955 1494 1995
0 2379 2621 955 1515 1995
0 2389 2590 956 1535 1994
0 2398 2558 959 1556 1995
0 2403 2529 963 1577 1995
0 2414 2496 972 1602 1995
0 2418 2465 983 1624 1997
0 2422 2437 995 1648 1998
0 2425 2409 1009 1671 1998
0 2427 2378 1023 1693 1998
0 2427 2352 1036 1715 1999
0 2427 2327 1044 1733 1999
0 2426 2303 1055 1748 2000
0 2426 2279 1065 1761 2000
0 2426 2258 1079 1774 1999
0 2426 2241 1088 1788 2000
0 2426 2228 1097 1796 2000
0 2426 2217 1100 1804 1999
0 2426 2210 1104 1806 2000
0 2426 2205 1104 1807 1999
0 2425 2200 1104 1808 1999
0 2424 2197 1104 1808 1998
0 2422 2196 1103 1807 1996
0 2421 2193 1102 1807 1996
0 2421 2189 1099 1807 1996
0 2420 2188 1099 1807 1996
0 2420 2188 1099 1806 1995
0 2421 2189 1099 1806 1995
0 2421 2189 1099 1806 1995
0 2420 2189 1098 1806 1995
0 2421 2189 1099 1805 1996
0 2421 2189 1098 1806 1995
0 2421 2189 1099 1805 1995
0 2421 2190 1098 1803 1995
0 2420 2193 1099 1803 1995
0 2418 2196 1098 1802 1995
0 2416 2202 1098 1798 1994
0 2412 2206 1098 1795 1994
0 2403 2213 1098 1789 1993
0 2398 2224 1098 1779 1993
0 2388 2239 1098 1766 1993
0 2377 2251 1097 1752 1993
0 2365 2265 1097 1739 1993
0 2352 2279 1097 1726 1992
0 2339 2293 1096 1712 1992
0 2327 2305 1096 1699 1993
0 2312 2318 1096 1685 1993
0 2300 2329 1096 1669 1993
0 2284 2343 1096 1656 1993
0 2270 2353 1096 1643 1993
0 2255 2365 1096 1628 1993
0 2239 2374 1096 1618 1992
0 2227 2381 1096 1604 1992
0 2211 2391 1096 1591 1992
0 2197 2399 1096 1578 1992
0 2181 2408 1096 1567 1992
0 2164 2416 1096 1556 1992
0 2150 2421 1097 1544 1992
0 2135 2427 1097 1534 1992
0 2120 2432 1097 1524 1992
0 2106 2436 1097 1517 1992
0 2093 2438 1097 1510 1992
0 2079 2442 1098 1503 1992
0 2065 2442 1098 1498 1992
0 2052 2442 1098 1494 1992
0 2037 2443 1098 1488 1992
0 2023 2442 1099 1486 1992
0 2008 2442 1099 1484 1992
0 1992 2442 1100 1484 1992
0 1978 2441 1100 1484 1992
0 1965 2439 1099 1484 1992
0 1952 2437 1098 1487 1992
0 1940 2434 1098 1490 1992
0 1927 2431 1098 1493 1992
0 1913 2426 1099 1494 1992
0 1899 2419 1099 1495 1992
0 1885 2411 1100 1496 1992
0 1870 2404 1100 1498 1992
0 1853 2393 1100 1504 1992
0 1840 2382 1100 1512 1992
0 1822 2372 1100 1521 1992
0 1809 2362 1102 1532 1993
0 1796 2350 1103 1541 1993
0 1782 2339 1103 1553 1992
0 1770 2328 1103 1563 1993
0 1756 2316 1103 1576 1993
0 1742 2303 1103 1585 1992
0 1729 2292 1103 1597 1993
0 1716 2281 1103 1605 1993
0 1706 2270 1104 1616 1993
0 1695 2259 1104 1624 1993
0 1684 2250 1103 1632 1993
0 1676 2240 1104 1641 1993
0 1667 2232 1104 1647 1994
0 1659 2226 1106 1653 1994
0 1654 2220 1106 1656 1994
0 1652 2217 1112 1659 1993
0 1650 2216 1112 1663 1994
0 1650 2216 1112 1666 1994
0 1650 2216 1112 1667 1994
0 1650 2216 1112 1667 1994
0 1649 2216 1112 1667 1994
0 1649 2217 1112 1667 1994
0 1649 2219 1112 1666 1994
0 1649 2225 1112 1666 1993
0 1648 2230 1112 1662 1992
0 1644 2247 1112 1658 1992
0 1633 2269 1111 1656 1993
0 1626 2290 1107 1650 1995
0 1621 2316 1106 1638 1996
0 1618 2344 1106 1623 1997
0 1620 2375 1106 1609 1999
0 1626 2404 1111 1597 2002
0 1638 2437 1112 1584 2003
0 1656 2475 1112 1576 2003
0 1680 2510 1114 1563 2005
0 1707 2542 1114 1551 2006
0 1740 2573 1114 1535 2006
0 1773 2602 1114 1521 2006
0 1810 2629 1114 1507 2006
0 1849 2662 1113 1481 2004
0 1889 2693 1110 1442 2004
0 1928 2729 1106 1395 2004
0 1958 2768 1097 1341 2002
0 1974 2812 1084 1283 2001
0 1984 2855 1065 1223 2000
0 1992 2895 1055 1168 1999
0 1994 2939 1047 1111 1992
0 1994 2977 1046 1063 1992
0 1994 3011 1047 1015 1991
0 1998 3045 1048 974 1989
0 2001 3073 1047 935 1986
0 2000 3088 1046 903 1984
0 1999 3092 1044 887 1986
0 1998 3092 1044 880 1985
0 1996 3090 1043 879 1985
0 1995 3090 1043 879 1985
0 1994 3088 1042 879 1986
0 1994 3088 1042 879 1986
0 1993 3088 1042 879 1986
0 1993 3087 1042 880 1985
0 1993 3088 1042 882 1986
0 1993 3087 1042 882 1986
0 1992 3088 1042 880 1985
0 1993 3087 1042 880 1986
0 1993 3087 1042 880 1986
0 1993 3088 1042 880 1986
0 1992 3087 1042 880 1986
0 1992 3087 1042 880 1986
0 1993 3087 1042 880 1985
0 1992 3086 1042 880 1986
0 1992 3086 1042 880 1986
0 1992 3083 1042 880 1986
